A	C	G	T
0.2632	0.2105	0.3684	0.1579
0.3684	0.1053	0.4737	0.0526
0.2105	0.3158	0.2105	0.2632
0.1053	0.0526	0.5789	0.2632
0.2632	0.1053	0.3684	0.2632
0.2632	0.1579	0.1579	0.4211
0.1579	0.2105	0.5263	0.1053
0.2105	0.1053	0.4737	0.2105
0.1053	0.4211	0.2632	0.2105
0.2632	0.2632	0.3158	0.1579
0.2105	0.2632	0.2632	0.2632
0.2105	0.4211	0.1579	0.2105
0.4211	0.1579	0.2632	0.1579
