A	C	G	T
0.1969	0.2859	0.3853	0.1319
0.2371	0.2696	0.3552	0.1381
0.0803	0.5053	0.3403	0.0741
0.0091	0.9728	0.0120	0.0062
0.9288	0.0105	0.0387	0.0220
0.0038	0.9441	0.0215	0.0306
0.0249	0.0201	0.9503	0.0048
0.0191	0.0425	0.0110	0.9273
0.0038	0.0062	0.9804	0.0096
0.0731	0.3403	0.5062	0.0803
0.1750	0.3595	0.2529	0.2127
0.1319	0.3671	0.3131	0.1879
