A	C	G	T
0.1962	0.3069	0.3514	0.1455
0.1935	0.2765	0.3738	0.1562
0.0707	0.7445	0.1254	0.0594
0.0077	0.9775	0.0082	0.0066
0.9201	0.0087	0.0443	0.0270
0.0061	0.9460	0.0122	0.0357
0.0138	0.0291	0.9546	0.0025
0.0143	0.0367	0.0127	0.9363
0.0041	0.0113	0.9728	0.0118
0.0903	0.5562	0.2642	0.0893
0.1608	0.3333	0.2481	0.2578
0.1166	0.3991	0.2964	0.1880
